86770
83311
70892
52537
1423
75854
438
64783
61609
2649
208647
50531
227474
204458
2058
222079
57958
244585
224012
213614
279626
287110
84011
78009
112391
110076
291632
56370
269964
66631
292793
212742
11351
226999
111615
100949
262177
233580
274482
59966
78258
256616
113036
204396
61186
270118
233878
280310
84399
217136
282121
283856
245417
291316
109112
97838
292044
220844
208362
285164
101333
268891
63674
208537
213261
202598
83869
288208
106065
265182
220575
240066
64747
75716
200882
272513
104734
274325
227391
237529
267797
96421
66759
76201
88698
250369
290968
205097
112025
55862
79336
231548
278052
257378
34465
236374
10424
207562
206084
244729
285181
200904
81443
229154
78007
278219
57351
265105
234894
270421
94528
73818
70645
233962
223392
267110
281308
266902
258716
221164
68532
280205
56214
62810
233188
268234
215019
285095
57602
217303
268155
292970
288450
57476
3354
2064
246926
254676
279803
258310
88538
294814
233708
207502
77560
57324
266969
256052
62634
204334
38218
238071
284757
272499
272273
272837
269014
276674
282273
58040
266994
249334
109091
287872
292712
85201
243151
261692
293902
219849
85713
109556
292432
82329
223336
255941
266367
260536
234307
52757
93212
211750
256816
292210
263152
282331
287610
209581
83058
244567
51233
99635
91625
233225
235158
246225
88511
213490
267676
242998
293392
256437
209449
236153
288449
250232
111200
13657
206136
286409
253724
240558
74817
6152
270963
52969
201152
77296
58622
248778
56199
110097
222666
242653
220365
214191
288946
255894
231474
56745
239618
249706
75572
76390
89624
3587
222366
205716
272538
243436
292176
89030
238229
244672
267115
280705
205956
253184
288044
275435
50928
221033
270101
89812
111410
292719
95822
85088
246107
229694
204902
292756
73906
89693
81287
293129
250086
50566
66655
2451
291643
200624
286713
101100
220412
81447
261782
69800
292875
100195
223412
248439
66670
211430
264240
236858
1106
239097
226179
201649
286778
262470
233020
221692
288664
285175
55270
93734
200165
222291
286455
261874
240874
232916
50263
273478
275581
26840
259078
1029
52476
235505
77953
38375
243557
250160
63731
110470
50604
257677
74009
206473
205550
105949
281652
66043
213911
225028
242019
206273
98849
243948
91723
292392
99636
58990
293503
286174
255884
253175
233847
57829
243470
275003
222757
99958
39986
221224
291171
257688
243378
213512
251995
276586
279195
284814
240265
96041
50612
422
270952
268639
98886
82548
57767
56820
266378
97350
275250
108976
291561
278365
74445
80939
208633
100034
213205
88343
217
211002
290222
56382
277582
112810
228002
229567
111887
90727
75075
8185
108733
258920
221922
70017
7774
52835
96903
235884
12201
84322
239527
212515
52692
69647
225252
92830
204004
223049
215814
224275
108413
240559
295498
15954
290337
94903
86242
287988
201760
263968
80583
65802
103042
95874
64750
214245
88215
207193
285274
108080
94749
73527
252792
244836
104642
50967
270398
38624
205654
237419
233673
270458
74744
72077
212494
250123
208350
267479
240946
240629
50145
231520
90693
294216
354
63666
271218
296176
2389
207422
269075
217559
237356
284786
202378
260498
73326
242918
217675
83741
291459
92820
258437
90615
232272
210036
289883
1679
216950
201205
4747
69688
208727
235441
233976
204504
87455
241351
58358
53555
228062
229232
97204
230853
99713
219449
273072
76905
13959
89553
112936
52562
245363
88602
52143
286635
256514
109400
221261
200755
70088
215296
208004
72213
279321
98259
232484
244668
86215
279049
222787
273349
85358
203060
105132
249010
57778
53741
284464
291722
75821
214842
291328
290521
208980
295809
289986
270801
76682
290016
1263
263321
95909
108277
92354
208879
291587
65762
249835
292501
233588
295846
32
214172
252523
80722
55851
261299
213004
52217
95632
99702
66107
295068
52091
74681
940
252452
71374
107768
38993
65836
55865
97597
250586
10701
217635
220041
256339
270216
65333
270849
80788
261531
211649
76445
262282
80303
292953
64019
75094
217698
201917
85255
228543
239674
227053
274085
229756
202749
267891
287356
273436
92054
260680
87754
281429
274907
219978
105000
234702
64090
257436
55346
234492
269907
271802
52611
2370
5775
3169
290066
82423
85375
265566
62660
262103
92668
79698
213696
89112
77494
219800
230849
65967
271847
206429
277562
268258
79287
2641
59048
216054
272151
88755
97859
72341
68678
205279
80156
78190
235699
245397
235946
215661
91065
265
74057
224110
81190
293799
223791
247815
76891
93314
210718
231473
99571
250256
79694
258896
109177
250707
291837
65845
3177
104260
57453
231764
67648
249599
56606
80259
261017
251159
266031
69882
109490
94097
208125
242171
59725
80255
280082
256930
272755
78079
220089
235543
108617
53914
73223
251845
261660
103842
81231
95202
232967
149
55221
273331
85636
50163
79924
204207
200057
293852
221487
50686
280641
213383
111892
200559
222639
230994
1965
101458
55424
92867
244031
102735
58072
222731
257862
294601
216903
283334
233774
240004
248905
88150
75545
51343
219879
78014
227622
278416
111823
8950
89716
87809
51065
70362
98635
56331
86108
57524
92143
52294
244642
104265
273526
274120
67511
285072
220267
266443
226152
269526
97880
106155
283638
54280
238496
88043
270657
219833
70082
249064
72686
272432
79453
96791
39630
77306
211818
75960
284361
71194
61979
200796
11411
69643
95276
227592
206820
91936
282861
84780
224717
76461
100213
77177
100024
266345
51014
222439
88310
40278
217763
276708
90694
202227
236289
105444
112011
290308
50847
284610
294568
290425
210509
104608
74393
60857
283976
205232
98614
103685
55325
90633
514
212317
203593
62603
57364
210278
290224
244282
39829
274289
100289
103529
224177
112120
212160
243775
75582
289990
95078
233687
211987
101905
268074
100602
98656
290455
243868
285687
250612
100532
259433
288674
286481
265531
279042
75306
207360
274515
220304
68510
102728
203853
88066
81500
207255
227348
82673
98747
3130
201566
263990
214819
87124
203898
285464
204856
270432
87089
91309
59410
113182
270342
292964
83304
290958
293878
91672
70845
293213
241825
227963
107767
274720
212440
265927
261086
225383
204294
238471
52965
58764
290248
293735
112490
279288
52879
459
262393
91842
227349
291254
84532
276654
240124
205070
253274
56900
266598
282848
73780
293212
242941
98299
233004
61520
228030
220686
96984
212880
221386
292921
295160
93678
275919
75873
207003
465
213288
230902
57951
50685
200062
83933
99486
276029
112277
82206
288522
262467
222858
286694
101316
386
206001
283995
289762
80843
244693
286677
266171
234947
272082
6841
210780
235225
56183
202371
290623
232834
2829
111629
220182
271692
50828
84896
72133
275968
261667
73866
294246
65844
87690
79167
94460
134
81625
207432
240961
54170
76248
80050
76535
101966
212359
102164
215062
107526
53678
57948
70818
93068
87844
88004
88030
88544
88636
88771
88860
88973
89010
89285
90172
90580
90661
90850
90859
91108
91181
91526
91963
92206
92386
92418
92741
92755
92764
83146
83179
83448
83462
83522
83620
83763
84078
84762
84764
84842
84880
85154
85501
85887
85894
86210
86314
86449
86686
86795
87101
87179
87229
87611
79990
80032
80038
80073
80678
80714
80755
80834
80891
81049
81170
81731
81924
82008
82502
82778
82881
82922
82943
82997
83044
73143
73218
56449
74926
206083
223331
238553
230834
261279
274084
212634
71812
229806
266692
242371
242523
242940
244159
245754
246153
247227
247587
247671
247710
248970
249253
249962
250183
250382
251527
252023
252108
218359
219349
219402
219466
220656
221089
221380
221478
221564
221704
221904
221911
222214
222623
223713
223753
224708
225013
225031
225046
226228
226673
226740
228203
228616
229735
230022
230045
231192
231286
231306
232517
232562
232642
232688
232847
233607
234433
234826
235791
235921
237250
237302
237314
238698
240120
240164
241424
241619
241813
241929
242015
242134
109395
109584
109673
110450
111849
111994
223259
204781
293642
205414
213657
60044
52658
243974
211566
96780
209191
267932
255550
55008
287098
233892
88197
87819
253363
51539
52786
207601
285994
106078
239876
291283
227525
207983
292167
287806
52235
240422
274562
288659
230892
259950
210710
97992
265749
235646
109077
686
232891
67928
109212
216435
202181
231791
92552
50304
106319
210435
40125
85119
273691
61446
281754
207320
269813
287923
280418
287960
58970
59923
284303
80000
2586
211150
99469
86079
58219
290799
202607
2078
98528
56044
210698
241289
92116
70598
271778
63005
204381
243397
71200
245729
292781
246991
98486
87970
268726
244809
251397
112951
269807
274957
228046
204895
257342
250122
62941
287497
109292
216633
104857
216755
211293
226883
274416
76296
83118
216274
76120
241190
266410
233927
211309
58633
238523
229399
223615
241756
5005
202436
89205
5738
60370
263198
236020
54830
202057
88700
241
73642
292483
292439
240771
94612
209879
50363
216270
242749
274290
73435
98673
405
65051
316
112063
211515
113081
205174
208771
249236
77017
232464
544
89607
243462
86440
1790
287330
206223
248539
272944
283491
293821
207430
241886
293603
272069
95184
100773
285087
2124
71340
61403
267468
76118
235178
288775
73854
285131
67884
50360
39309
245033
204471
285126
79926
97751
321
279320
279842
212520
294927
254072
242474
614
279481
233281
281821
88998
264643
38878
212489
208515
57549
74962
288696
289684
103099
273096
222573
57764
269020
272149
204813
75304
58069
276408
295882
279613
273641
289705
85323
240414
281722
222670
68810
109688
91517
830
72461
249198
97046
253067
214486
258104
88452
201366
278469
94818
85987
202002
372
235707
280151
57761
274159
73978
226646
289724
212689
203876
116
111596
235046
235165
246318
290019
39335
52664
100240
216736
266631
242139
247943
766
205075
201807
105067
289670
261700
220295
244444
271780
200931
200932
238421
262388
51491
215669
209789
240510
90994
201021
74256
88410
205323
93125
57546
245968
60189
56937
253080
98079
207986
288750
202237
193
240139
62990
53549
63684
242498
225953
283409
242220
258444
265363
288892
228052
285250
276
73490
73207
212311
84441
11608
5263
583
627
219191
262531
111717
80007
235714
575
288963
225159
102126
278580
4746
258964
287138
233581
3900
65229
200051
227813
261235
72823
656
269327
77743
227447
227436
38722
112245
223793
52893
247314
289985
246767
211023
289308
75947
265784
252637
242908
280784
70766
83553
53547
85368
244356
285947
214160
227514
294153
106235
65679
269519
90820
206450
290793
277648
226801
104352
255478
81264
240654
210895
232615
66750
250274
268817
211837
200511
223996
289899
271954
100355
285429
208430
207121
63894
69706
201864
56242
237233
244245
289616
218407
61350
101298
110009
260205
209468
1626
222115
58125
10658
209477
100461
216269
210238
93632
280208
92700
215870
633
110043
110985
62351
9149
7613
213700
113241
230988
76486
15992
200139
240321
205391
80434
202586
99047
290133
271631
79787
205546
76138
236495
285279
102718
216144
209394
269376
224412
54762
225791
91196
274361
262301
236989
261836
265541
99136
272291
108297
215733
235748
51066
268517
244858
10404
204843
106621
61731
106191
292072
260511
285031
204393
236917
241509
208290
112359
200194
5270
238749
289870
240932
233804
232041
520
203518
222325
287122
229964
83504
40335
262003
294296
207236
293847
96008
225527
111693
288890
111646
264678
296170
286985
281745
98593
104245
270569
95257
209364
204802
7992
71324
246694
270080
57835
261328
212867
102849
250383
288846
110239
244430
253102
239969
261957
53606
86787
59392
205609
99721
286403
80002
98526
72883
202554
95206
259107
240582
253574
200691
108210
250554
60506
96282
219746
204600
263049
58052
210100
219458
277608
292396
98150
109552
223401
233326
282846
293372
222017
273221
256136
265352
255294
290515
273780
237768
87837
279830
232230
211395
206043
107704
258781
208721
292717
280608
241786
235702
215545
272380
251262
200239
251817
247543
244358
228752
276100
259542
208184
269987
257329
214994
202770
232358
295394
225094
79095
283302
215283
96224
110695
270770
104227
277484
79923
215450
242888
63186
209719
291351
1644
70315
112420
281739
284848
282668
99177
213175
95509
206418
235413
57454
80327
200408
234208
217401
81651
64329
50010
271159
85409
288248
245675
92190
71978
295686
102681
235363
264312
287965
242322
295415
228637
279543
262130
269877
294242
101887
221840
264978
82814
276233
112689
294616
200550
94934
59459
233586
210813
262816
265321
242469
233388
77355
280289
236097
250971
233473
111201
79701
265291
93786
243637
269639
250896
225551
56416
268994
236859
250618
208742
95502
85
219600
96386
245151
88521
84016
88495
230074
254689
82298
95682
245062
79098
79874
104007
254453
110491
231751
287711
281773
290766
253921
221326
254830
203865
247060
292224
254174
113137
225368
223058
70579
290881
244399
261047
249768
293243
223310
252161
110421
247298
233517
235810
242968
294709
296094
50626
88625
259502
290051
293022
250359
203412
219877
292682
276945
82357
205410
296132
272313
288644
241438
256036
263356
55792
292572
274314
279018
213233
235538
287467
260133
252829
83754
220337
76427
293728
253576
281533
78462
289079
202123
3211
78887
285368
97179
200617
58601
259964
107719
233334
88383
277686
213259
294005
95743
338
212587
277687
263869
257391
246800
201358
79533
234396
70336
287586
90276
76904
294942
274293
276592
68776
295612
91374
91948
74334
86466
66971
111288
73795
76244
91741
269086
236449
112679
209828
239268
235379
50282
266420
210467
241347
79644
103643
227786
284949
112024
284298
1939
248349
278492
214624
94726
271474
53284
80853
208641
267002
77163
288579
274888
73840
109841
269959
273403
56597
229933
275112
272881
200179
113003
241350
88907
5849
287989
51479
274791
205011
95609
213845
88681
215138
270407
251387
66908
257518
99376
68339
70969
239733
269839
200610
63032
290387
88216
241245
265669
201944
293380
88425
112573
285127
39344
292070
243523
92808
235743
284996
218329
207625
38943
88443
64967
201394
59432
295622
105358
72672
99742
73359
293457
38334
111930
206873
274024
238590
40275
206200
218576
215693
230090
69827
206910
208604
98170
58233
16388
57777
70975
268884
228449
275758
237164
55294
221276
62970
276988
56857
278213
58744
63807
258844
291634
237060
294419
270347
96170
85221
246836
105080
212108
206969
203016
259585
230390
259218
53319
243709
204764
243960
82554
110868
107907
246552
39595
80201
73433
201236
111287
211619
53038
222070
236804
95753
12940
68880
88828
56462
244131
284328
202508
14048
57105
263187
291941
251492
224814
293711
284907
105079
229689
18948
225404
93714
287040
262405
288547
85172
39485
201050
277884
234235
86206
261745
205705
106040
202615
50873
97433
233172
72190
74990
234437
14380
69717
17509
205456
206838
291624
288125
50031
258790
56230
72464
20128
207023
90389
287165
105062
9868
260564
225521
290276
211146
108410
75732
201140
278680
29104
205173
221856
216377
260363
253619
289807
78886
209413
37010
205239
229102
11328
202252
276730
292205
292343
284241
207087
222270
72893
208014
67232
88711
257744
62433
68182
81475
287250
80528
216904
68185
214097
249654
212827
285634
240691
112318
235474
50705
246939
207645
253718
86716
99532
84436
109024
106499
52629
87867
58344
211960
201598
6765
224585
52056
323
209203
229909
247891
82605
282066
94952
66763
77676
258366
206069
82696
87738
201999
252083
233614
235139
270243
62903
283182
86086
2480
80497
103559
258815
249287
78527
219527
232915
84457
200444
98375
85116
73693
3138
258035
102464
38244
90325
102275
265231
267767
95897
261327
88387
85711
210522
271880
57932
247523
265285
261425
58561
87252
292824
112620
292813
207033
103397
58485
50935
66375
207332
267725
272476
293600
208209
269469
101175
111685
231842
80646
71000
38812
200275
52932
82877
96996
70357
269537
269613
104837
277352
87002
293160
100312
2497
226285
58958
66450
273026
65572
251452
64205
83583
4505
54828
87816
265589
200702
68013
81999
249681
268505
231611
64011
201044
202569
224174
210884
200107
293816
239106
292629
277420
53025
82447
273253
95149
79760
50668
276572
293593
274943
76630
64316
15563
89937
246451
92203
270510
68169
208499
230185
289908
212300
200006
77300
1540
39548
59583
3729
224288
52085
1000
84420
106101
84204
56187
57496
948
374
1927
673
257
82709
57492
54783
58127
59264
107628
268195
204317
66605
6054
292727
77273
111309
76031
1891
290458
61491
225256
75426
60846
102457
112720
207471
206580
58536
72923
213435
229543
205076
294549
76847
98582
244137
65320
240685
95338
254704
214407
288339
55795
270998
291314
205423
75806
292459
96126
235091
253550
211589
291568
73706
215924
239315
201123
93430
109808
80247
240792
243652
227597
111008
226536
240187
85914
271686
3875
86502
224234
281997
220896
77522
259074
220435
205648
221255
272492
65074
270697
101698
55121
66
55036
66132
95333
61687
58270
220173
81498
264412
73544
55433
272683
58503
205373
88391
266690
246145
111597
59792
252007
267318
284746
206367
276682
293748
243944
60450
103563
3571
243292
58155
266546
201655
238823
284590
239786
81548
74680
276442
260345
278287
84453
218030
295041
282420
228502
273812
105426
286418
111587
283397
221040
200551
264764
284404
201251
102787
237383
95317
222107
285546
249802
210600
202038
292938
236577
222685
275989
52363
99104
217822
64645
254475
250729
90832
273927
222144
265045
60124
223039
111999
294051
269276
203037
278109
286300
1219
95358
273805
87932
275055
223139
267240
80924
220367
245714
253073
249490
91593
263947
280271
265766
96354
213833
252642
71818
289363
276025
288461
276332
98851
282400
274402
222436
291433
270343
286582
285948
216525
75924
76909
277274
219755
226352
74348
236862
246734
282181
215480
268037
270149
102506
292922
274854
287341
65374
231650
282564
207850
250120
57309
292758
94836
281163
73614
262718
39299
286504
255741
252205
209312
239705
88159
294276
291274
206226
276793
62102
274212
77138
94908
267916
246219
274352
97781
284596
108554
244702
243801
86760
230952
69974
80438
203434
66799
293333
273495
262295
93837
97920
294645
246909
219961
246638
273787
95499
56847
50840
200256
232635
233025
106572
103399
92450
66087
222592
214637
238665
244483
110752
203944
265768
286130
212649
281417
219247
269900
260768
279072
259789
83938
102078
217328
207527
74420
234931
81445
275899
209412
237206
6223
200887
100343
234376
287713
213536
77836
227569
285350
280449
283187
263572
277662
40209
277423
247386
90399
99375
234134
96248
222251
232152
281116
64318
211900
80881
273915
217562
268100
237591
287
223838
202785
225753
283116
76567
103853
58532
263123
50462
239952
103357
55238
55853
100370
241717
68330
111909
283395
102817
91331
106957
291524
242715
54393
72428
268635
278526
292369
270477
53320
91159
107692
88168
67984
98
286706
252423
77890
262442
222915
207026
102114
256115
10205
215003
69945
243646
88949
77885
226705
95167
93468
102985
91773
98897
293239
222548
258381
290632
279171
78930
93702
257843
270965
87119
206780
57452
87755
259235
214226
224017
261042
212797
210109
77698
65465
203890
106856
207371
111280
291226
230173
95437
85498
68189
91767
291783
72081
292826
227427
95615
245209
93043
287078
290504
260621
255910
91078
289523
77474
277551
219063
59389
281637
257731
213922
1798
260035
91614
95715
291250
102913
234718
294058
272613
269514
221959
237408
212081
204158
70937
229203
245715
79934
52469
212632
245315
270604
254630
50984
79339
274481
76692
277434
248704
106244
218946
90821
87874
65783
207191
71365
236432
226097
75102
257015
103645
235947
224105
270593
69837
3093
106493
106357
280782
245461
281617
265966
207034
214282
95668
238548
292248
59259
222443
67992
265424
280823
201091
222839
81954
270271
304
84829
54394
244807
218658
218661
88529
73341
200790
273639
223361
201444
236957
230757
113020
200665
108104
91641
255615
244723
111981
234218
54483
68556
93386
201795
5438
295430
67554
253010
226073
222490
288702
239730
291644
86307
83127
91110
97765
245045
255260
215608
205290
92705
86472
52142
106915
241107
207122
57675
276232
275134
111326
86326
69054
206034
230361
283793
71326
79
283567
84067
52723
101477
224129
290468
187
220201
286100
57065
288719
51984
244748
249235
254625
209805
269714
228198
258622
276342
269256
104449
69304
15101
293890
66139
57673
209183
593
202232
59019
69638
288884
274249
219782
238831
112856
59178
100080
209014
219448